P1000672.JPG 2737.64 1536 1015 1 0 0.000942517 0
P1000678.JPG 2737.64 1536 1015 1 0 0.00142065 0
P1000679.JPG 2737.64 1536 1016 1 0 0.00134483 0
P1000680.JPG 2737.64 1536 1015 1 0 0.00135066 0
P1000681.JPG 2737.64 1536 1015 1 0 0.5 0
P1000682.JPG 2737.64 1536 1016 1 0 0.00132466 0
P1000683.JPG 2737.64 1536 1016 1 0 0.00141695 0
P1000684.JPG 2737.64 1536 1016 1 0 0.5 0
P1000685.JPG 2737.64 1536 1015 1 0 0.5 0
P1000686.JPG 2737.64 0 0 1 0 0 0
P1000687.JPG 2737.64 1536 1016 1 0 0.5 0
P1000688.JPG 2737.64 1536 1016 1 0 0.5 0
P1000689.JPG 2737.64 1536 1016 1 0 0.5 0
P1000690.JPG 2737.64 1536 1016 1 0 0.5 0
P1000691.JPG 2737.64 1536 1016 1 0 0.5 0
P1000692.JPG 2737.64 1536 1016 1 0 0.00089617 0
P1000693.JPG 2737.64 1536 1016 1 0 0.5 0
P1000694.JPG 2737.64 1536 1017 1 0 0.00135294 0
P1000695.JPG 2737.64 0 0 1 0 0 0
P1000696.JPG 2737.64 1536 1016 1 0 0.00111743 0
P1000697.JPG 2737.64 1536 1017 1 0 0.00148921 0
P1000698.JPG 2737.64 1536 1017 1 0 0.00140558 0
P1000699.JPG 2737.64 1536 1015 1 0 0.5 0
P1000700.JPG 2737.64 1536 1017 1 0 0.00148188 0
P1000701.JPG 2737.64 1536 1017 1 0 0.00132755 0
P1000702.JPG 2737.64 1536 1017 1 0 0.000954938 0
P1000703.JPG 2737.64 1536 1017 1 0 0.00118404 0
P1000704.JPG 2737.64 1536 1017 1 0 0.00111423 0
P1000705.JPG 2737.64 1536 1017 1 0 0.000923672 0
P1000706.JPG 2737.64 1536 1017 1 0 0.00103381 0
P1000707.JPG 2737.64 1536 1017 1 0 0.00118866 0
P1000708.JPG 2737.64 1536 1016 1 0 0.5 0
P1000709.JPG 2737.64 1536 1017 1 0 0.00122789 0
P1000710.JPG 2737.64 1536 1017 1 0 0.5 0
P1000711.JPG 2737.64 1536 1017 1 0 0.5 0
P1000712.JPG 2737.64 1536 1017 1 0 0.00163339 0
P1000713.JPG 2737.64 1536 1017 1 0 0.00147835 0
P1000714.JPG 2737.64 1536 1017 1 0 0.5 0
P1000715.JPG 2737.64 1536 1017 1 0 0.5 0
P1000716.JPG 2737.64 1536 1017 1 0 0.5 0
P1000717.JPG 2737.64 1536 1017 1 0 0.5 0
P1000718.JPG 2737.64 1536 1017 1 0 0.5 0
P1000719.JPG 2737.64 1536 1017 1 0 0.5 0
P1000720.JPG 2737.64 1536 1017 1 0 0.00105429 0
P1000721.JPG 2737.64 1536 1017 1 0 0.5 0
P1000722.JPG 2737.64 1536 1018 1 0 0.0013338 0
P1000723.JPG 2737.64 1536 1018 1 0 0.0015313 0
P1000724.JPG 2737.64 1536 1018 1 0 0.00167548 0
P1000725.JPG 2737.64 1536 1017 1 0 0.5 0
P1000726.JPG 2737.64 1536 1017 1 0 0.5 0
P1000727.JPG 2737.64 1536 1017 1 0 0.5 0
P1000728.JPG 2737.64 1536 1018 1 0 0.5 0
P1000729.JPG 2737.64 1536 1018 1 0 0.5 0
P1000738.JPG 2737.64 0 0 1 0 0 0
P1000731.JPG 2737.64 0 0 1 0 0 0
P1000730.JPG 2737.64 1536 1018 1 0 0.00273489 0
P1000739.JPG 2737.64 0 0 1 0 0 0
P1000740.JPG 2737.64 1536 1017 1 0 -0.0713162 0
P1000750.JPG 2737.64 0 0 1 0 0 0
P1000768.JPG 2737.64 0 0 1 0 0 0
P1000769.JPG 2737.64 0 0 1 0 0 0
P1000770.JPG 2737.64 0 0 1 0 0 0
P1000771.JPG 2737.64 0 0 1 0 0 0
