DSC_0427.JPG 4790.87 2688 2016 1 0 -4.24375e-05 0
DSC_0428.JPG 4790.87 2688 2016 1 0 -0.000286077 0
DSC_0429.JPG 4790.87 2688 2016 1 0 -0.000392875 0
DSC_0430.JPG 4790.87 2688 2016 1 0 -0.000246046 0
DSC_0431.JPG 4790.87 2688 2016 1 0 -0.000524002 0
DSC_0432.JPG 4790.87 2688 2016 1 0 -0.000678871 0
DSC_0433.JPG 4790.87 2688 2016 1 0 -0.000600739 0
DSC_0434.JPG 4790.87 2688 2016 1 0 -0.000737421 0
DSC_0435.JPG 4790.87 2688 2016 1 0 -0.000889415 0
DSC_0436.JPG 4790.87 2688 2016 1 0 -0.00152668 0
DSC_0437.JPG 4790.87 2688 2016 1 0 -0.000291696 0
DSC_0438.JPG 4790.87 2688 2016 1 0 -0.000437501 0
DSC_0439.JPG 4790.87 2688 2016 1 0 -0.000769675 0
DSC_0440.JPG 4790.87 0 0 1 0 0 0
DSC_0441.JPG 4790.87 0 0 1 0 0 0
DSC_0442.JPG 4790.87 0 0 1 0 0 0
DSC_0443.JPG 4790.87 0 0 1 0 0 0
DSC_0444.JPG 4790.87 0 0 1 0 0 0
DSC_0445.JPG 4790.87 0 0 1 0 0 0
DSC_0446.JPG 4790.87 0 0 1 0 0 0
DSC_0447.JPG 4790.87 0 0 1 0 0 0
DSC_0448.JPG 4790.87 0 0 1 0 0 0
DSC_0449.JPG 4790.87 0 0 1 0 0 0
DSC_0450.JPG 4790.87 0 0 1 0 0 0
DSC_0451.JPG 4790.87 0 0 1 0 0 0
DSC_0452.JPG 4790.87 0 0 1 0 0 0
DSC_0453.JPG 4790.87 0 0 1 0 0 0
DSC_0454.JPG 4790.87 0 0 1 0 0 0
DSC_0455.JPG 4790.87 0 0 1 0 0 0
DSC_0456.JPG 4790.87 0 0 1 0 0 0
DSC_0457.JPG 4790.87 0 0 1 0 0 0
